name: map2
tilewidth: 64
tileheight: 64
source: map2.bmp 640 704
width: 88
height: 6

0

15
0 0 320 3072 32
0 1376 192 96 32
0 1504 128 320 32
0 1856 192 160 32
0 2784 128 544 32
0 3328 192 96 32
0 3616 160 96 160
0 3648 320 1984 32
0 3776 192 96 32
0 3904 128 416 32
0 4352 192 352 32
0 5440 256 32 32
0 5536 192 96 32
0 3712 160 64 32
0 3072 320 576 32


1 2 3 4 5 2 3 4 5 2 6 4 5 2 3 4 7 2 3 8 5 5 5 5 2 9 10 2 11 5 5 7 2 8 2 8 2 8 2 5 8 5 11 11 5 10 2 12 13 14 15 16 15 17 17 17 18 14 19 15 15 17 17 20 5 1 2 11 5 2 8 5 2 3 21 22 23 24 2 25 23 24 2 25 23 6 8 26 11 2 27 8 5 2 28 8 5 2 3 8 5 2 28 8 11 2 28 10 5 5 29 30 31 32 33 34 35 36 5 11 2 10 2 10 2 10 2 4 10 5 29 30 37 38 31 39 40 41 15 42 15 15 43 43 19 44 2 15 14 15 15 39 45 46 34 35 36 2 10 5 2 27 11 5 2 47 2 22 2 47 2 48 2 9 10 49 5 2 50 10 5 2 27 10 4 2 28 10 5 2 27 10 5 2 28 10 29 30 51 52 53 54 55 53 56 57 45 37 2 10 2 10 2 10 2 7 10 29 58 52 54 54 59 60 61 62 62 53 15 63 64 65 66 67 68 15 69 70 71 72 73 54 59 56 57 34 38 37 34 74 36 5 2 5 2 5 2 5 2 7 2 75 76 77 5 2 5 10 4 2 50 10 7 2 27 10 5 2 50 10 1 2 27 78 58 52 79 80 2 5 11 2 81 53 79 82 2 10 2 10 2 10 2 83 78 58 84 85 5 5 2 26 86 64 64 16 62 87 88 64 89 89 90 62 87 88 41 91 9 5 2 81 79 53 55 53 55 56 92 36 2 5 2 5 2 5 2 11 2 51 52 60 45 31 45 38 93 31 45 38 94 31 32 38 45 31 45 38 94 31 32 51 95 96 93 45 31 45 45 31 45 31 93 93 31 38 31 38 31 38 31 93 51 95 96 93 45 45 31 97 86 63 15 42 64 31 98 99 100 89 42 101 31 98 99 102 32 45 31 45 93 31 94 31 94 103 104 57 31 45 31 45 31 45 31 45 31 105 96 97 106 106 106 106 106 106 106 106 106 106 106 106 106 106 106 106 106 106 106 106 106 106 106 106 106 106 106 106 106 106 106 106 106 106 106 106 106 106 106 106 106 106 106 106 106 106 106 106 106 107 106 106 106 106 106 106 108 108 106 107 106 106 106 106 106 106 106 106 106 106 106 106 106 106 106 106 106 106 106 106 106 106 106 106 106 106 106 106 